"dostoevsky_idiot" "dostoevsky_prestuplenie" "goncharov_oblomov" "goncharov_obryv" "leskov_nekuda" "leskov_nozhy" "tolstoy_karenina1" "tolstoy_vojna1" "turgenev_nov" "turgenev_otcy"
"и" 4.69599298151927 4.88995861543523 4.04026836622991 4.28682571486937 4.13642381993077 4.98591442219566 4.83668514993517 4.48078650092168 3.93115587717583 3.75116368216417
"не" 2.39305399271451 2.1812032114884 2.61650358291751 2.6673678811876 2.04401763257666 2.33520718681235 2.39937653452509 1.75355674244931 2.34174326879197 2.44601427450121
"в" 2.29340300955505 2.15118930119536 2.36935950732366 2.21143356354612 2.25724631901351 2.17555655982464 2.05798780656018 2.14302594885853 2.10704739552774 2.17403209024697
"что" 2.22903514961951 1.98322684167085 1.71859154740398 1.58294831730247 1.47718027661238 1.86047886740973 2.29868410163039 1.12775913409274 1.59723580415933 1.53697314860449
"он" 1.20582457612572 1.63864406388345 1.76425947441589 1.71898972952533 0.672122343282233 0.900885680859241 2.02557311925846 1.674150399395 1.60766673185996 1.59721081357355
"на" 1.1738790456392 1.38756616047053 1.61449553730331 1.55600081711775 1.31234014495297 1.31479471379035 1.32003641479765 1.48319705062154 1.4003520438099 1.41467243487943
"с" 1.38128659432037 1.47991665367988 1.39152859953929 1.30956158155748 1.32616544631795 1.32746539847192 1.25658638859003 1.27522805690788 1.24649586022557 1.52237007830896
"я" 1.6263612610379 1.39449244746123 0.971786623326908 1.22524198420529 0.905025497046171 1.32704304231586 1.24003420784022 0.709930519449827 1.27648477736489 1.42745012138802
"а" 0.758587149314363 1.04586933559592 1.05707819289326 1.06312234599721 1.07411956758711 0.983667487445463 0.493117051504869 0.413102046603961 0.972684008083969 0.929120347553073
"как" 0.924989987221788 1.04356057326569 1.07050993613206 0.940989320966459 0.665741434959933 0.724340807629442 0.962095506082926 0.957602684690646 0.87489406089054 0.830549623058248
"она" 0.49539412202239 0.520625905467726 1.09670183544771 1.45038400187763 0.514726604665507 0.663943877313984 1.22072333029877 0.531266247577634 0.674098702653367 0.713725060694011
"это" 0.806743844525394 0.810952768494629 0.60711479439359 0.628485246243649 0.880565348477356 1.04997740394565 0.848988937625866 0.49156307605048 0.654540713214682 0.721026595841776
"то" 0.978868269982645 1.25077199240417 0.726657309218877 0.56633214097889 0.765708998675962 0.58285149535197 0.718640514221082 0.708985205842038 0.658452311102419 0.600551265903656
"его" 0.62985142944329 0.692051508487588 0.606443207231651 0.584586899168539 0.558329478201222 0.787271874881212 0.956578112499655 0.768539963132769 0.867070865115066 0.799518098680247
"но" 0.844887761524231 0.663191979359665 0.43115895796536 0.45289185794321 0.445068355480403 0.836687545139314 0.969681922259924 0.53693812922437 0.757546124258426 0.722851979628717
"к" 0.550226002708218 0.529283764206103 0.545328775495128 0.639785810837241 0.663082723158975 0.623397686332977 0.72622693039808 0.799735312189819 0.640198187626312 0.66626508223354
"вы" 0.73474720119009 0.562760817994494 0.32303342489305 0.632396980141431 0.532274102551832 0.545684153619381 0.317250131038098 0.281703455121236 0.60238607471152 0.7575342715806
"же" 0.668472145404612 0.657997264116639 0.399594361354188 0.393346575276972 0.520575770627616 0.654652041880836 0.488289332119507 0.336531644373021 0.494165199817459 0.385155979044594
"все" 0.655121774455019 0.762468759559719 0.689048428150247 0.170812380203149 0.609908487139811 0.644937850291637 0.19586747220613 0.204187739282507 0.558054631983832 0.507456692769655
"так" 0.64034100661797 0.689742746157354 0.544657188333188 0.367702986391512 0.474314185290943 0.41602081371137 0.503462164473503 0.432008318759749 0.500684529630354 0.423489038570359
"за" 0.480136555222856 0.383254546818814 0.486900692406364 0.535472906896387 0.570027810125438 0.582429139195918 0.386907225026897 0.456586472562273 0.372905665297607 0.450869795374477
"у" 0.442469437186505 0.400570264295568 0.590325115345095 0.678033875615555 0.602464094097128 0.407151334434275 0.339319705371183 0.290211277591341 0.475911076341352 0.503805925195772
"да" 0.399080731600328 0.622211447998014 0.553387821438405 0.433767825554054 0.584916596210804 0.535969962030182 0.311732737454826 0.191898662381245 0.572397157572202 0.503805925195772
"ее" 0.297522552590926 0.353817827108333 0.419741976212383 0.648478552832313 0.431774796475612 0.590876262316961 0.658638859003007 0.328969135510706 0.392463654736293 0.461822098096125
"по" 0.448667823698816 0.450785844978153 0.439889591070577 0.405081776970319 0.522702740068382 0.461635278565003 0.366906673287539 0.41499267381954 0.432883499576244 0.443568260226713
"было" 0.42721187038697 0.454248988473504 0.316989140435591 0.276429195443265 0.381791014617597 0.350133253367234 0.562774145493669 0.463203667816798 0.335093552382815 0.231823740941533
"ты" 0.2393530791677 0.354395017690891 0.566147977515262 0.454195769242471 0.280759966181186 0.391946512816398 0.365527324891721 0.207968993713665 0.374209531260186 0.51475822791742
"бы" 0.516850075334236 0.498692663330505 0.407653407297466 0.363356615393977 0.231839669043555 0.286779829959412 0.299318601892466 0.283594082336815 0.320751026794446 0.273807568041181
"только" 0.396219937825415 0.356126589438567 0.39220690257285 0.337713026508517 0.345632534124566 0.277065638370212 0.39173494441226 0.272250319043343 0.35595540778408 0.330394465436358
"из" 0.335666469589762 0.292058434774578 0.284081369500541 0.328585647413692 0.434965250636762 0.333239007125148 0.299318601892466 0.366781679822281 0.312927831018971 0.315791395140828
"от" 0.309919325615547 0.297253150017604 0.399594361354188 0.480708632327438 0.266934664816203 0.291425747675985 0.275180004965654 0.349766034882072 0.269900254253863 0.273807568041181
"о" 0.33375927373982 0.278783051375734 0.258561057346828 0.243396775861994 0.359457835489549 0.339996705621983 0.433805070484703 0.277922200690079 0.404198448399505 0.341346768158005
"ему" 0.28131138786642 0.300716293512955 0.353254847180341 0.321631453817635 0.188236795507841 0.274531501433899 0.444839857651246 0.363945738998913 0.389855922811135 0.361425989814358
"мне" 0.384776762725764 0.281669004288526 0.237741855326694 0.329889558712953 0.227585730162022 0.372940485794051 0.262076195205385 0.190953348773456 0.363778603559554 0.361425989814358
"еще" 0.375717582438541 0.40345621720836 0.306915333006494 0.272952098645236 0.315854961953834 0.259749035972074 0.22759248530994 0.262797182965449 0.230784275376491 0.24277604366318
"меня" 0.390975149238075 0.303602246425747 0.268634864775925 0.364660526693238 0.173879751782666 0.296916377704663 0.185522359237496 0.128562650659356 0.289458243692548 0.28841063833671
"нет" 0.211698739343543 0.234339376518733 0.3592991316378 0.351186776600877 0.274910800219078 0.326903664784366 0.228971833705757 0.13801578673725 0.20470695612491 0.202617600350474
"вот" 0.268437815879313 0.345159968369956 0.307586920168434 0.262520808251151 0.23024444196298 0.19808503718846 0.146900604154597 0.161648626931985 0.333789686420236 0.279283719402004
"был" 0.310872923540518 0.249923522247811 0.17864218507599 0.159077178509803 0.223331791280489 0.23356295429684 0.326215895610913 0.336531644373021 0.186452832648804 0.147856086742238
"ни" 0.235061888505331 0.168539650107069 0.292812002605758 0.265997905049179 0.271720346057928 0.252146625163135 0.191039752820767 0.155031431677459 0.209922419975227 0.21174451928518
"теперь" 0.316117712127858 0.338233681379255 0.175284249266291 0.191240323891567 0.156863996256534 0.192594407159782 0.266903914590747 0.172047076617668 0.152552317621748 0.175236843546356
"когда" 0.225525909255621 0.19797636981755 0.261247405994587 0.272082824445729 0.152610057375001 0.20991100955792 0.302766972882011 0.175828331048825 0.174718038985592 0.184363762481062
"даже" 0.481090153147827 0.393066786722308 0.155136634408097 0.159511815609557 0.143038694891551 0.18245785941453 0.0731054649783442 0.056718816467363 0.235999739226807 0.167935308398591
"сказал" 0.117292544771423 0.0969680178698204 0.371387700552716 0.237746493565198 0.105816729678136 0.0971419158919951 0.522083367817043 0.529375620362055 0.0977899471934285 0.089443805560119
"него" 0.215036332080941 0.214137706129187 0.290797241119939 0.30641915532626 0.121237258123694 0.135153969936689 0.225523462716213 0.197570544027981 0.211226285937806 0.209919135498239
"ну" 0.170694028569794 0.325535488562969 0.170583139132712 0.135606775123111 0.316918446674217 0.214134571118441 0.178625617258407 0.160703313324195 0.187756698611383 0.184363762481062
"быть" 0.364751206301375 0.260312952733863 0.169911551970773 0.174724114100931 0.111134153280053 0.177389585541904 0.235178901486938 0.15408611806967 0.155160049546907 0.155157621890002
"вас" 0.308965727690577 0.218755230789654 0.116184579015588 0.230792299969141 0.208974747555315 0.201886242592929 0.12621037821733 0.100203242425675 0.213834017862964 0.25737911395871
"или" 0.162588446207541 0.150069551465198 0.355941195828101 0.326412461914924 0.151546572654617 0.159228270831661 0.144831581560871 0.146523609207355 0.168198709172697 0.147856086742238
"до" 0.274636202391624 0.244151616422226 0.210206781687161 0.187328589993785 0.168030585820558 0.167253037796652 0.123451681425695 0.139906413952829 0.192972162461699 0.21174451928518
"ли" 0.195010775656552 0.214714896711745 0.306243745844554 0.295987864932175 0.0946501401141119 0.14317873690168 0.126900052415239 0.118164200973673 0.19166829649912 0.229998357154592
"очень" 0.285125779566304 0.222795564867564 0.0577564959268239 0.0604145568657449 0.278632996740419 0.204420379529242 0.208971281966399 0.151250177246301 0.224264945563596 0.188014530054944
"ей" 0.121106936471306 0.154687076125666 0.200132974258064 0.249481695258544 0.163244904578833 0.23145117351658 0.253110430632569 0.0898047927399915 0.14994458569659 0.193490681415768
"если" 0.256994640779662 0.210097372051278 0.253188360051309 0.26121689695189 0.116451576881969 0.160072983143766 0.179315291456316 0.0141797041168408 0.1369059260708 0.100396108281766
"они" 0.157820456582686 0.150646742047757 0.198789799934184 0.151688347813993 0.188236795507841 0.193016763315834 0.211040304560126 0.178664271872194 0.249038398852598 0.171586075972473
"вам" 0.219327522743311 0.236070948266408 0.10879712023425 0.167769920504874 0.188236795507841 0.21582399574265 0.0855196005407046 0.0973673016023066 0.243822935002282 0.193490681415768
"уже" 0.307058531840635 0.299561912347838 0.0973801384812728 0.093012339347262 0.0829518081898958 0.158805914675609 0.185522359237496 0.186226780734509 0.195579894386857 0.233649124728474
"себя" 0.17736921404459 0.218755230789654 0.137675368197662 0.210364356280723 0.128681651166377 0.164296544704287 0.173108223675136 0.177718958264404 0.209922419975227 0.209919135498239
"для" 0.185951595369328 0.147183598552406 0.129616322254384 0.123436936330011 0.179197175384583 0.213712214962389 0.282766421142652 0.189062721557877 0.162983245322381 0.122300713725061
"ничего" 0.149238075257948 0.157573029038458 0.147077588464819 0.162988912407585 0.214292171157231 0.175277804761643 0.183453336643769 0.146523609207355 0.156463915509486 0.15150685431612
"опять" 0.170694028569794 0.212406134381511 0.200132974258064 0.222968832173577 0.163776646939025 0.0853159435225348 0.146210929956688 0.139906413952829 0.114740204706956 0.100396108281766
"вдруг" 0.299429748440867 0.314568867494358 0.212893130334921 0.168204557604628 0.034031511052265 0.0861606558346391 0.0917266683218847 0.102093869641253 0.121259534519851 0.089443805560119
"была" 0.15114527110789 0.173734365350095 0.104767597262611 0.123002299230258 0.169094070540941 0.173588380137435 0.278628375955199 0.186226780734509 0.0925744833431123 0.0784915028384718
"их" 0.139225297045754 0.144874836222172 0.131631083740203 0.145603428417443 0.174411494142858 0.193861475627938 0.146210929956688 0.157867372500827 0.194276028424278 0.158808389463885
"всё" 0.146854080445521 0.0184700986418706 0 0.425509720658736 0.0249918909290071 0.00126706846815646 0.466909431984331 0.388523892801437 0 0.0018253837869412
"может" 0.289416970228673 0.203171085060576 0.120214101987226 0.11474419433494 0.101562790796603 0.139799887653262 0.160004413914867 0.0926407335633596 0.119955668557272 0.102221492068707
"есть" 0.16687963686991 0.181815033505913 0.132302670902143 0.174724114100931 0.127086424085802 0.163029476236131 0.164832133300229 0.0538828756439949 0.147336853771432 0.129602248872826
"ней" 0.0977437873095188 0.123518784667509 0.208863607363282 0.295553227832421 0.0893327165121955 0.0912289297072649 0.157245717123231 0.0718438341919932 0.131690462220484 0.208093751711297
"чем" 0.19310357980661 0.170271221854744 0.0940222026715737 0.0791039521551481 0.148887860853659 0.185414352506895 0.153107671935778 0.117218887365884 0.148640719734011 0.131427632659767
"этого" 0.116815745808937 0.0986995896174958 0.129616322254384 0.13430286382385 0.140379983090593 0.202308598748981 0.188970730227041 0.136125159521671 0.116044070669535 0.111348411003413
"князь" 0.72425762401541 0.00115438116511691 0.00268634864775925 0.00130391129926068 0.00159522708057492 0.00211178078026076 0.0510358906452592 0.571914732712577 0.0130386596257905 0
"нибудь" 0.163542044132512 0.207211419138485 0.219609001954319 0.186893952894031 0.104221502597561 0.116992655226446 0.0689674197908908 0.0661719525452569 0.083447421605059 0.0930945731340014
"ведь" 0.209314744531116 0.292635625357137 0.0987233128051524 0.0847542344519444 0.12974513588676 0.11572558675829 0.0496565422494414 0.0311953490570497 0.168198709172697 0.142379935381414
"себе" 0.115385348921481 0.107934638938431 0.117527753339467 0.129087218626808 0.135594301848868 0.154159996959036 0.193108775414494 0.111547005719147 0.12256340048243 0.15150685431612
"потом" 0.10918696240917 0.101585542530288 0.282066608014721 0.232096211268401 0.0834835505500875 0.0836265188983262 0.0779331843637066 0.0642813253296781 0.127778864332747 0.0675392001168246
"уж" 0.184521198481872 0.273011145550149 0.127601560768564 0.0847542344519444 0.176006721223433 0.0895395050830563 0.0537945874368948 0.0444297395661011 0.0873590194927961 0.0784915028384718
"мы" 0.126351725058646 0.120632831754717 0.0745461749753192 0.0912737909482478 0.178133690664199 0.138110463029054 0.113106568457061 0.0964219879945172 0.196883760349436 0.255553730171769
"где" 0.0657982568229932 0.122941594084951 0.17998535939987 0.159077178509803 0.127086424085802 0.150358791554566 0.0868989489365224 0.117218887365884 0.0938783493056914 0.113173794790355
"во" 0.167833234794881 0.159304600786134 0.0758893492991988 0.0947508877462762 0.119110288682927 0.144445805369836 0.110347871665425 0.101148556033464 0.135602060108221 0.114999178577296
"тут" 0.193580378769096 0.204325466225693 0.129616322254384 0.103008992641594 0.119642031043119 0.0705334780607095 0.0786228585616155 0.0501016212128374 0.151248451659169 0.0766661190515306
"сказала" 0.0462494993610894 0.0375173878662996 0.118870927663347 0.230792299969141 0.0957136248344952 0.0705334780607095 0.293801208309195 0.185281467126719 0.0182541234761067 0.0310315243780005
"того" 0.181660404706959 0.151223932630315 0.0758893492991988 0.0647609278632806 0.0728487033462547 0.127973915283802 0.166901155893956 0.13801578673725 0.108220874894061 0.080316886625413
"сам" 0.183567600556901 0.180083461758238 0.104767597262611 0.0990972587438119 0.0707217339054881 0.102210189764621 0.075174487572071 0.093586047171149 0.114740204706956 0.131427632659767
"там" 0.0910686018347224 0.121787212919834 0.218265827630439 0.165596735006107 0.124959454645035 0.0798253134938568 0.060001655218075 0.0765704022309401 0.083447421605059 0.0638884325429422
"потому" 0.17736921404459 0.173157174767537 0.053726972955185 0.0556335487684558 0.0547694630997389 0.164718900860339 0.142762558967144 0.0756250886231507 0.108220874894061 0.0675392001168246
"чтобы" 0.133980508458414 0.133331024571003 0.00671587161939812 0.0525910890701809 0.111134153280053 0.149514079242462 0.188970730227041 0.139906413952829 0.132994328183063 0.0857930379862366
"будет" 0.0891614059847806 0.101585542530288 0.112826643205888 0.0960547990455369 0.140379983090593 0.109390244417508 0.13241744599851 0.118164200973673 0.143425255883695 0.114999178577296
"тебе" 0.0719966433353041 0.121210022337276 0.130959496578263 0.129956492826315 0.0877374894316206 0.143601093057732 0.0924163425197937 0.0661719525452569 0.134298194145642 0.175236843546356
"этот" 0.14065569393321 0.128136309327977 0.0819336337566571 0.0986626216440583 0.0994358213558367 0.112346737509873 0.0979337361030649 0.114382946542515 0.159071647434644 0.0730153514776482
"без" 0.131596513645986 0.107357448355873 0.132302670902143 0.121698387930997 0.101562790796603 0.11192438135382 0.0882782973323402 0.069007893368625 0.0977899471934285 0.0967453407078838
"надо" 0.0910686018347224 0.129290690493094 0.154465047246157 0.117352016933461 0.0829518081898958 0.107700819793299 0.12621037821733 0.069007893368625 0.119955668557272 0.0821422704123542
"со" 0.111094158259112 0.1194784505896 0.10611077158649 0.113874920135433 0.110602410919861 0.112769093665925 0.103451129686336 0.0945313607789384 0.0925744833431123 0.0949199569209426
"тем" 0.122060534396277 0.111397782433782 0.0732030006514395 0.0569374600677165 0.0818883234695126 0.156271777739296 0.14552125575878 0.116273573758094 0.0977899471934285 0.111348411003413
"тебя" 0.0982205862720043 0.0998539707826127 0.150435524274518 0.13299895252459 0.0781661269481711 0.114036162134081 0.0937956909156115 0.0472656803894692 0.110828606819219 0.118649946151178
"тоже" 0.14590048252055 0.170271221854744 0.0738745878133794 0.0925777022475084 0.117515061602352 0.0899618612391085 0.0613810036138928 0.0529375620362055 0.142121389921116 0.089443805560119
"кто" 0.0863006122098678 0.0865785873837683 0.116856166177527 0.149080525215471 0.102626275516987 0.138532819185106 0.052415239041077 0.086023538308834 0.0990938131560076 0.080316886625413
"ним" 0.118722941658879 0.105625876608197 0.0960369641573932 0.105616815240115 0.072316960986063 0.0967195597359429 0.118623962040332 0.0945313607789384 0.147336853771432 0.129602248872826
"были" 0.106326168634257 0.096390827287262 0.0745461749753192 0.0704112101600768 0.115919834521778 0.0958748474238386 0.182073988247952 0.157867372500827 0.0704087619792685 0.0401584433127065
"дело" 0.110140560334141 0.122364403502392 0.0873063310521756 0.0678033875615555 0.10688021439852 0.128818627595907 0.104830478082154 0.0983126152100959 0.10952474085664 0.071189967690707
"нее" 0.0667518547479641 0.0825382533058591 0.10678235874843 0.163423549507339 0.102094533156795 0.0967195597359429 0.119313636238241 0.0708985205842038 0.0704087619792685 0.0930945731340014
